Šanse za osvajanje HNL-a i top 6
====================================================================================================================
Team                Proj. Points   Prvak (%)           Top 6 (%)
--------------------------------------------------------------------------------------------------------------------
Mladost SL          42.57          36.75               97.73
Nova Ves            40.47          20.37               96.24
Zadrugar            40.45          25.24               95.33
Zelengaj            37.59          10.99               88.66
Plitvica            34.44          3.71                74.56
Mladost VT          32.68          2.40                67.89
Obres               27.37          0.33                29.93
Sloboda             26.5           0.18                25.91
Semovec             23.87          0.00                10.96
Beretinec           21.78          0.03                7.83
Dubravka            19.33          0.00                3.42
Drava               17.26          0.00                1.54

Vjerojatnosti pozicija za svaki klub (%)
====================================================================================================================
Team                       1       2       3       4       5       6       7       8       9      10      11      12
--------------------------------------------------------------------------------------------------------------------
Mladost SL             36.75   23.58   16.23   10.98    6.51    3.68    1.40    0.54    0.25    0.04    0.02    0.02
Nova Ves               20.37   24.23   21.09   15.39    9.74    5.42    2.23    0.94    0.40    0.12    0.06    0.01
Zadrugar               25.24   23.35   17.88   13.49    9.61    5.76    2.81    1.26    0.42    0.13    0.05    0.00
Zelengaj               10.99   14.63   17.71   19.14   15.47   10.72    6.02    3.08    1.43    0.57    0.23    0.01
Plitvica                3.71    7.30   11.95   16.19   19.03   16.38   11.44    6.70    4.02    2.24    0.86    0.18
Mladost VT              2.40    5.05    9.77   13.25   18.10   19.32   14.34    8.68    4.79    2.49    1.33    0.48
Obres                   0.33    0.99    2.60    5.12    8.11   12.78   17.33   17.94   15.03   10.63    6.36    2.78
Sloboda                 0.18    0.58    1.88    3.92    7.27   12.08   16.95   17.82   15.90   12.19    7.62    3.61
Semovec                 0.00    0.05    0.36    1.15    2.81    6.59   13.34   19.45   21.26   18.90   11.73    4.36
Beretinec               0.03    0.17    0.38    0.87    2.11    4.27    7.58   11.57   16.98   21.05   19.13   15.86
Dubravka                0.00    0.06    0.10    0.37    0.80    2.09    4.18    7.65   11.47   18.40   29.17   25.71
Drava                   0.00    0.01    0.05    0.13    0.44    0.91    2.38    4.37    8.05   13.24   23.44   46.98
====================================================================================================================